0.028870461533774247